1 10 3 3
49
2 0 8 0 0 10 1
6 2 2 0 0 10 0
1 3 6 0 0 10 0
4 2 4 0 0 10 0
8 2 0 0 0 10 0
0 0 10 0 0 10 1
3 4 3 0 0 10 0
6 4 0 0 0 10 0
10 0 0 0 0 10 1
2 6 2 0 0 10 0
5 3 2 0 0 10 0
8 0 2 0 0 10 1
1 6 3 0 0 10 0
4 0 6 0 0 10 1
7 2 1 0 0 10 0
3 5 2 0 0 10 0
6 2 2 0 0 10 0
9 1 0 0 0 10 0
2 3 5 0 0 10 0
5 0 5 0 0 10 1
8 0 2 0 0 10 1
0 0 10 0 0 10 1
4 5 1 0 0 10 0
7 3 0 0 0 10 0
10 0 0 0 0 10 1
6 0 4 0 0 10 1
9 0 1 0 0 10 1
1 1 8 0 0 10 0
5 3 2 0 0 10 0
8 0 2 0 0 10 1
0 0 10 0 0 10 1
3 4 3 0 0 10 0
7 0 3 0 0 10 1
10 0 0 0 0 10 1
2 4 4 0 0 10 0
5 1 4 0 0 10 0
1 4 5 0 0 10 0
4 4 2 0 0 10 0
7 2 1 0 0 10 0
0 0 10 0 0 10 1
3 5 2 0 0 10 0
6 0 4 0 0 10 1
9 1 0 0 0 10 0
2 1 7 0 0 10 0
5 4 1 0 0 10 0
8 1 1 0 0 10 0
1 7 2 0 0 10 0
4 2 4 0 0 10 0
10 0 0 0 0 10 1
