0 10 3 3
49
0 0 10 2 0 8 1
0 0 10 6 2 2 3
0 0 10 1 3 6 3
0 0 10 4 2 4 3
0 0 10 8 2 0 3
0 0 10 0 0 10 1
0 0 10 3 4 3 3
0 0 10 6 4 0 3
0 0 10 10 0 0 1
0 0 10 2 6 2 3
0 0 10 5 3 2 3
0 0 10 8 0 2 1
0 0 10 1 6 3 3
0 0 10 4 0 6 1
0 0 10 7 2 1 3
0 0 10 3 5 2 3
0 0 10 6 2 2 3
0 0 10 9 1 0 3
0 0 10 2 3 5 3
0 0 10 5 0 5 1
0 0 10 8 0 2 1
0 0 10 0 0 10 1
0 0 10 4 5 1 3
0 0 10 7 3 0 3
0 0 10 10 0 0 1
0 0 10 6 0 4 1
0 0 10 9 0 1 1
0 0 10 1 1 8 3
0 0 10 5 3 2 3
0 0 10 8 0 2 1
0 0 10 0 0 10 1
0 0 10 3 4 3 3
0 0 10 7 0 3 1
0 0 10 10 0 0 1
0 0 10 2 4 4 3
0 0 10 5 1 4 3
0 0 10 1 4 5 3
0 0 10 4 4 2 3
0 0 10 7 2 1 3
0 0 10 0 0 10 1
0 0 10 3 5 2 3
0 0 10 6 0 4 1
0 0 10 9 1 0 3
0 0 10 2 1 7 3
0 0 10 5 4 1 3
0 0 10 8 1 1 3
0 0 10 1 7 2 3
0 0 10 4 2 4 3
0 0 10 10 0 0 1
