1 055 4 550 4
2 055 4 550 4
3 055 4 550 4
4 001078628372 3 550 6
5 001245459973 3 550 6
6 002074990151 3 550 6
7 001034999991 3 550 6
8 00213224846 3 550 6
9 001955366054 3 550 6
10 001391932064 3 550 6
11 00503191217 3 550 6
12 00962092021 3 550 6
13 6701866514899 6 550 3
14 00399261693 3 550 6
15 002066519069 3 550 6
16 001279635380 3 550 6
17 00963095411 3 550 6
18 001236948861 3 550 6
19 001845357668 3 550 6
20 00440746846 3 550 6
21 00100062834 3 550 6
22 00890970654 3 550 6
23 00264723245 3 550 6
24 001225732133 3 550 6
25 00-1755813429 0 550 9
26 001924197266 3 550 6
27 001499404419 3 550 6
28 00585975275 3 550 6
29 670908776310 6 550 3
30 001240137271 3 550 6
31 00-1175450114 0 550 9
32 001013090449 3 550 6
33 00342699773 3 550 6
34 0032704222 3 550 6
35 001396449331 3 550 6
36 002116123661 3 550 6
37 00736970500 3 550 6
38 002063188428 3 550 6
39 001771515411 3 550 6
40 00960265882 3 550 6
41 001256326402 3 550 6
42 00775738355 3 550 6
43 670752686313 6 550 3
44 0076546752 3 550 6
45 002139717034 3 550 6
46 001493699815 3 550 6
47 00952794637 3 550 6
48 0021069265 3 550 6
49 001162115134 3 550 6
50 008645422 3 550 6
156 291